0.2606171266000487
0.9555159251568611
0.07703311357037709
0.2948826732083205
0.5642508260943401
0.34082395397928733
1.4317175507765723
0.09825012689008149
0.0696026037208356
0.26004915814198354
0.19561788927437018
0.14726859526071773
0.24312071737495722
0.08373773089287327
1.113580952440191
0.45977757622798165
0.2886816282663838
0.38382772365810913
0.5635432886990124
0.35555417443695314
0.4883743260034386
0.12710588125990224
0.21254342095285325
0.47781185707398144
0.302975636291273
0.14101390348177245
0.14368573742669083
0.0647898484400741
0.12388516083576195
0.12046985197955447
0.06537952851814106
1.2082909507015112
0.16917484501614666
0.36620987082790923
